0 0.05163817663817664 0.3719284188034188 0.04807692307692308 0.06543803418803419
0 0.0907175925925926 0.4072676282051282 0.03693019943019943 0.03805288461538461
0 0.09569622507122506 0.390892094017094 0.04174679487179487 0.04576121794871795
0 0.11239494301994303 0.31261752136752136 0.04945334757834758 0.06551014957264957
0 0.00979522792022792 0.42677617521367517 0.018945868945868947 0.06551014957264957
0 0.02151531339031339 0.46868322649572647 0.03982015669515669 0.05684027777777778
0 0.012523148148148148 0.7177163461538462 0.02504807692307692 0.061655982905982905
0 0.062619301994302 0.8241720085470085 0.0680787037037037 0.09537393162393162
0 0.9874697293447293 0.33092147435897434 0.025060541310541314 0.05395032051282052
0 0.6629647435897436 0.39450320512820514 0.03179131054131054 0.04624198717948718
0 0.6260363247863248 0.38655715811965813 0.026011396011396015 0.04576121794871795
0 0.6061253561253561 0.390892094017094 0.039497863247863245 0.05250534188034189
0 0.6756499287749287 0.5103498931623932 0.03596688034188034 0.05828525641025641
0 0.5847720797720798 0.426295405982906 0.04046118233618234 0.05684027777777778
0 0.6210576923076924 0.5052938034188034 0.03660790598290598 0.059730235042735044
0 0.6059650997150997 0.45615918803418803 0.030827991452991452 0.04913194444444444
0 0.5549056267806267 0.5120352564102564 0.02504807692307692 0.04527777777777778
0 0.5280929487179488 0.5327483974358974 0.04656339031339032 0.07514423076923077
0 0.40461894586894587 0.6184882478632479 0.057802706552706556 0.09730235042735043
0 0.4026923076923077 0.815982905982906 0.07963853276353276 0.13005608974358976
0 0.3326869658119658 0.8222435897435898 0.07193198005698007 0.12427617521367522
0 0.5647008547008547 0.7805769230769231 0.05105947293447293 0.07273504273504273
0 0.5993821225071225 0.7906944444444445 0.04014066951566952 0.07466079059829059
0 0.27119123931623934 0.9048530982905982 0.04784722222222222 0.07755074786324787
0 0.5311431623931624 0.948928952991453 0.028901353276353278 0.04816773504273504
0 0.615920584045584 0.9592922008547009 0.07000534188034188 0.08141826923076922