0 0.5675925925925925 0.09229166666666667 0.041750356125356124 0.061968482905982905
0 0.38125178062678067 0.20699786324786323 0.045267094017094014 0.05537393162393162
0 0.45991987179487176 0.21457799145299145 0.039113247863247866 0.05866987179487179
0 0.32038283475783474 0.39158119658119656 0.041312321937321934 0.05932959401709401
0 0.371803774928775 0.31972489316239316 0.03252136752136752 0.052737713675213675
0 0.4462962962962963 0.3184054487179487 0.08218304843304844 0.12261485042735043
0 0.2555591168091168 0.5118883547008547 0.04350961538461538 0.06262553418803418
0 0.512218660968661 0.28676282051282054 0.06196759259259259 0.11206730769230769
0 0.6884508547008548 0.43673611111111116 0.054935897435897434 0.0850400641025641
0 0.7080074786324786 0.48420138888888886 0.048344017094017096 0.07449252136752137
0 0.44168091168091167 0.47365384615384615 0.01933760683760684 0.030982905982905984
0 0.48057514245014243 0.49969284188034185 0.054935897435897434 0.08306356837606838
0 0.30741809116809116 0.6467013888888888 0.05933048433048433 0.08701655982905983
0 0.2825872507122507 0.7650320512820513 0.05713319088319089 0.08635950854700854
0 0.28764245014245016 0.9429994658119658 0.0575730056980057 0.11400106837606837
0 0.39553596866096863 0.9482959401709402 0.04394764957264957 0.08767628205128204
0 0.48563034188034193 0.8879780982905984 0.05801103988603989 0.09624732905982906
0 0.5460576923076923 0.7492094017094016 0.04087250712250712 0.06262553418803418
0 0.504747150997151 0.5784695512820512 0.05229878917378917 0.0810844017094017
0 0.6067076210826211 0.6200026709401709 0.03999287749287749 0.06262553418803418
0 0.5777012108262108 0.7244898504273504 0.0531784188034188 0.08174412393162393
0 0.5289191595441595 0.9469764957264958 0.04438746438746439 0.07053685897435896
0 0.5548486467236468 0.9324732905982905 0.032081552706552705 0.06262553418803418
0 0.6398878205128206 0.8714957264957265 0.05537571225071225 0.08042467948717949
0 0.7264672364672365 0.9696981837606838 0.05537571225071225 0.06060363247863248