0 0.218640625 0.03869444444444444 0.0323203125 0.057861111111111106
0 0.5699375 0.8337777777777778 0.05915625 0.11059722222222222
0 0.5260234374999999 0.8305277777777778 0.0225625 0.07155555555555557
0 0.5382265625 0.9150972222222222 0.05550000000000001 0.09974999999999999
0 0.5778671875 0.9091388888888889 0.0262265625 0.05095833333333333
0 0.49157031250000005 0.4060416666666667 0.0646484375 0.103
0 0.40892968749999997 0.3176805555555555 0.05184375 0.10408333333333333
0 0.4628984375 0.3068333333333333 0.057328124999999994 0.11059722222222222
0 0.5400546875 0.37026388888888884 0.05671875 0.103
0 0.59646875 0.3718888888888889 0.053671875 0.11059722222222222
0 0.834625 0.1415 0.05428125 0.08565277777777779
0 0.8904296875 0.12468055555555554 0.0475703125 0.06072222222222222
0 0.9087265625000001 0.48519444444444443 0.0292734375 0.06180555555555556
0 0.91146875 0.8652222222222222 0.0323203125 0.056375
0 0.8273046875000001 0.6304861111111111 0.033546875 0.042291666666666665
0 0.9483671875 0.8419166666666666 0.0243984375 0.046625
0 0.9044609375 0.7340277777777777 0.035375000000000004 0.05420833333333334
0 0.9291562499999999 0.4889861111111111 0.02134375 0.05855555555555555