0 0.11495312499999999 0.15293055555555554 0.0474375 0.07044444444444445
0 0.08315625 0.22891666666666666 0.0380546875 0.07970833333333334
0 0.1227734375 0.23216666666666666 0.040140625 0.06951388888888889
0 0.21609375000000003 0.23587500000000003 0.0380546875 0.07136111111111111
0 0.416546875 0.6436666666666666 0.058390624999999995 0.09731944444444443
0 0.47336718749999995 0.6376527777777778 0.0625625 0.1093611111111111
0 0.49682812500000006 0.7544305555555556 0.05109375000000001 0.09823611111111112
0 0.5549609375 0.7321805555555555 0.064125 0.10565277777777776
0 0.6180390625000001 0.7289444444444445 0.059953124999999996 0.12512500000000001
0 0.31853125000000004 0.3373611111111111 0.05630468749999999 0.09268055555555556
0 0.3693671875 0.2544166666666667 0.0547421875 0.10473611111111111
0 0.37014843750000004 0.3512638888888889 0.050046875000000005 0.09454166666666666
0 0.46841406250000006 0.08433333333333333 0.0474375 0.06302777777777778
0 0.8620234375000001 0.4267916666666667 0.060992187499999996 0.07877777777777778
0 0.92796875 0.6969583333333333 0.0364921875 0.06116666666666667
0 0.8998203124999999 0.6914027777777778 0.030234375 0.05745833333333333
0 0.9112890625000001 0.5658194444444444 0.030234375 0.03984722222222222
0 0.9772343749999999 0.6052083333333333 0.040140625 0.07229166666666666
0 0.992140625 0.5936250000000001 0.0157265625 0.06580555555555556