0 0.18015625 0.31677777777777777 0.0490546875 0.0942361111111111
0 0.42995312500000005 0.5924444444444444 0.059203125 0.11026388888888888
0 0.45758593750000004 0.6330416666666667 0.0490546875 0.09723611111111112
0 0.4722421875 0.7668611111111111 0.033265625 0.060152777777777784
0 0.532578125 0.2952222222222222 0.0546953125 0.07919444444444444
0 0.5486484375 0.8866527777777777 0.058640625 0.15938888888888889
0 0.9656328125 0.41601388888888885 0.058078125 0.08620833333333333
0 0.8649765625000001 0.15738888888888888 0.0304453125 0.054125
0 0.8441171875 0.17743055555555556 0.0270625 0.050125
0 0.879921875 0.17041666666666666 0.031015625 0.052125000000000005
0 0.96365625 0.8505694444444444 0.031578125 0.05913888888888889